$ANSIBLE_VAULT;1.1;AES256
64373638613762393764376361366563306134353332373936653539383332333331343466306461
3465393537313531656563646136363835333932313735650a363233316564366439643465356338
34343832363433383464396264303731396531373931613730383364363433323039353435643038
3566386139333339370a373930376361623835343765623136313462313730386265383665633537
34333764316530643139383034333264623030323738643735373332303166613034363630366639
33316563396332303436373765343030316339666330333361383565313461303734323766653964
38643938393663393032613631376138346165366566653332613738326439373531613831643162
31653537643934663362666336346630383230333865373635663739633266313238666134346239
33333562376361616437393538366135363433373237333936366339313261363034333361373038
61623238346433663165623065316638393539303834326436663363666133373663306335363138
32623636646631646339323234316164336461393562323235356661633036326334356165383061
35623662626165313231323736303239363830663339626533653230666461353131646665333237
61376332313964323434376437666166666430323439633965356436643734633339613561646565
35303932646462313432303033343363353238396162656635393238323066393139343831396661
63376461323963646135633236356563393232363565613337353463366563343538333137626439
35333763623832376465653630333661326338303762653534306263633234643862306338383238
37626362643865656464373965313831613938353637333138376364666533313930663537393631
65663438393936353332303831623132616337303562626664353538333438636439653462626465
36303535393963313466663837623262313666373062316135303235333363643762623162633161
66313762353039323965353161303137386533313931343535373861366366633861663061356639
64376163393532336131373061353133376133633661383130313830323461353038663630613861
31363939366164613362653436616338613830326631666639623664313638643230306638656237
32623336353065646231613661353064393638636435323537396461376139643837643836663439
63303937343530316537343164663336633136626639373136353331636434306432333538313939
31356562353434393164656465663734666134373362343332323937393838646266633638386132
3835656639323833626661323136663737616233343364646635
