$ANSIBLE_VAULT;1.1;AES256
38326266333731613834353531653831323632663233393632643762313935623530626535346166
6130363537656434346161663663383636343132343466360a316436346532393036323466643062
39636639383138393031613136366636383561663665386230386332346236386164613163386136
3134333061323939370a386431333832666638633165626563626631643161316161373830666365
33306566356663353232363735323333613831616230653766363634313636303237356532333438
37643737326462636638336437656566633465393966326561653633346263306232346461363162
63346430303164333933353334383330656634626463356634326237653761326139376538363063
66393064653338663366363332303263616663366536363932623336653461626566653036383234
36643239383863333837313163386538366235316163306236643231373137333033393561633833
37386364336166643665303937393631363765343839383363366164613963303434336432396231
61333830373433373537303632656331656531636164336632333539386232383465353237316530
34363262323964326430663264613665626338356132646263356437613565653534326234616130
36386537646164396238623866353936333736643735613931316432656366373163373361636463
35613962656561353835633032626530363564363539656164306132333664333662343932373134
37653065343462613437653136353039386132303038313439316265663934303035376165323334
39616534353965393034373136343035393866383966333237356130626531373635303838643035
38383263303134393333646133643138366131343862616531356261616563306234613337626430
65393961346161666264653639376535363465656164353430663737303337326537353236326365
36373836663261336332386536616161393731353738303732643062333162636137323136623838
66616566663261303634343533636637393136343839383966643233343937353731323663636666
36376333656537633036383637356432636239613138313938326538643566633661656432376333
34653635366531323337386365656534636564336463653363663433303538386639653263333838
36353135623939396363326338343566643339653265396465633965613765633662643637306537
65393531666362643538326433613338356330393533363932613035333433656636383963326137
63326136646630623263393264336336663636653461363631336562636364643766336139373932
37656630326366386161326130373033373061656539373963643332366639313134373462656165
65343065306231626534383464383938393430323831316137343530643737333137356231616130
38326631663936316137363462646532653765653433633134656133643635643231363235613631
39366561336361666235393938306633663430613761343237363436386536666566623163633837
39663966333630306331313061373032646133306338353233313661313836303833353733346238
35366139343636326131626264366364656234303336623234396539656365633435616537626663
31376335343762383162313034373963326134333137396636653064346562333037633466336361
63613863386535636433636433666238316636633230653539363530633036613664366638396366
64643266353466356534636564623365656263663135626465373134613035623234383062363737
34396639646163656161636330623338313963386230623765633062333264656363376366643936
34393761343339666630363232353336336565663365323764363165643038353931323733313836
62316636393264383665323663393830363333316136613865313865383865333163373830333832
39613638393034393164316162613862613936316639613433356434313835316263316234653965
37613438336333623561613334333962616630653736346564336131326435393965393866353561
31653132356634333664653732303663303736326637666462303862616439346165336465303437
64613736633962663532353064663036623332336233626263356238363630323036636561313135
64646262316366643138353038373832353531356139313465313764653966396334373238313863
31336137663764396437666561346466326434613330313432346262363332313065623761313834
64393761326339366131663665616630646632326431646437653931386236393561343361326362
63333136386264393166386633303539643630386537396436623933376639653231653065353562
35383961363463356664313864303430326265623533616662663363396630636336356134336134
34383535323337333530336564346530393965653364383761643238656461323731356564306366
36396166336636656134666339356365393339373730633232633532346634636336396562373266
35313132666637326331346233646230616437653761376561316535313166363862356537633131
39646464333362333763666565623862626334656532323938303539313466306466663738373130
30663763396538393634336433323235636163393961313334323838653866383436336562626463
33633136316166366533626363666165636632643737643930383062383163326265313034616166
36633435646438303532363531396631346561396636343938646461633136336363323361653936
64303935336163353162313435653936626561326637333830393939316561663830326433356635
32363063663161663164663131633332396139383232666630346636353036306433333363343833
31656665313761366563323964663138316636623065613334383438313964643831393530366237
62323139326538303136313966663433333335303464326438313532343664636536633734636533
31666438343031653333653161613738326666333830386464373133373864306635666665393033
35303137303034636336333036646236666632636439656561343034336637643135343962386566
64366663336566303666663132313634383432376463636438656535633363333339303934346665
39336661643131316637353331313431613666643635353638623230653866643964373537646363
37356535363261333139383932643137303836333138666633303665343461303062343932393035
61323961636537306562343031613261616130353730666336333632646336623662633239376466
33303231303863626438383834353232333330616365343636363062383134626434323763323561
34386237633030613435613565646232356636306638373862623337636430333533616661656366
37616231376231346466333739663565396538366538633862336463393065663061353263323735
33653835663562373937663932313862366436303832666431643963363032626139346535323934
30393966636139303035643661393964666637643337366639343463653036363834613963363439
38363236656563303663323230656134323637316231646536316361323436316330393836363266
38393537303864393730306238303862613730303130326634626631306232633634343165313837
32623662353666373238333561376334333934356364633632373737333930336264313131333962
39303031636136346637396236373736633365646334643737653232346666653762393737363635
61643333666338663164633566383331626531643433333061386462666437613564333763656362
64336138663063643931643664626630663033376133643461316161653166653231316263386334
33636439616463313332353166613564306263386338346436356233613439633730646238623337
65643334663031323062313132373536613836396639356434383965343035623236316464616566
36663161663034356532313838636534373763306162643364643632643939383366393465326337
65386432646439383738336436393230333134626339393737643433653531313463353934336233
31383335366632653139323236393962646264663830636236363936393664666231613338623732
62316331653663393361353030623731636466316231323830636231356264633966666333613539
32646236393033356236666361393038656562326238336262633965376263623739386361363036
35373932633734646366646662346434323965323838636561653962646330666465623034343232
35663463646464326531323539333164373862363963326138393066343137396664383839366432
30356266363835656464323466663231623835376362353032346235346337363535613163656137
62643436353233323132396364373434616430306665623236656237613961393034373739333934
32326230396130653635356435346336353465653136366331396530633137346437643662313636
36376332643339373938663337666535336136386562356231646464653365653436623962636331
36623930333733306530353263656236623732643566306366303262353962336530363163346562
32636231653230346664316362343564626238653262356537626133356563626138376337396338
35386234366238313361653138623330653333626439636665303666353230623965343437303832
36366163343737383237363633303935643537633236373565623231386231616531373132666262
35636463376137313965656536373366653837343134323862383166636666373165343462623238
30656162393430353365316237356466383964343665623363326333343336653232353238643130
39333362306630643436386531373439666433393632306537333333666539396336633163343833
31353838623038373163633362383364393464313166343032653362633032656630346431303037
37643735373562313637636162376131363533663335393531353833383430366339333032393466
38666136373938663137323565336138653236373162623235373239356335373665636561346439
37336666343065626465343832653733323163336263303633303966646137383938623336383237
63363330356162343063356631303065336431653263633032666333393863643934336631623232
66353261303562363635323835396638643063383138356162336439356533353639666362666161
66663461666638393466623233356562363032353130656439396562636264366165336362643834
66393533313565616138623463393133383861643662316433306330636538343731666162636438
61306636616434316461336133356265323330633331653762393666643437346566386537303433
37393630376462393937663830666666333138653237643833623663303161666539386563656531
63356430333332656637636135636232343532326334653336653231363866333738356265383463
62373334636333323936626130646238316333326464363333613561613632383664303434663139
30386263373638666663316431386131393736303733333030363730366262396136366430623938
63346566386230316433623038313130663637383130613339336263363762353537303930666430
30633937616562386565333436663336626461323364333735666565383261613832333531646137
31646463396631343430333534313930323334643736373666613936363431393332373666326239
31653930383433316362653165313762663363353966353566326235353131616264383162343865
35303935633662663132626635376162333738326332623939313162663865613937336366316161
36353139343433616362613264613732336630613163393637373739383830326635393861656663
38626635366333316466643939313337356539383030613364623263626135636262333165626330
63643739303431333137346662323037326665626230666233653132636432663330616438326534
39333437393336613534363765613534323161333961303363373665353630316264393061336631
61623333366165376136613931333539626565383437343437353763646262636263633263383933
39386564633832653261346136303030653939613134353238333733613139636530316334613134
62316537383261393939663731363437326531336638356162346434316563393033653131643162
36346531306265313062336137306562376637613266366437646362363936653530653439316362
66366461323364346437386533336439613739613864313664646566653538643431376161636564
64633632323836383534646463653734323065393132613635653235643764343038613964343135
36393432636665623339396633333536363536356163393164653639303636373238376535316434
31313835666561353866623965356464653365633034373039326231613035626136383061373834
37666334396532353432343931646433633735646436626639333838356433313563643565396135
62303364376632613538313331363839653563316636666439326630393336323933306233666166
61376439663138356566636334643438353931316565653131323361653764393031333163303638
39366233356137613336643865336463393035356335616336343333636632623632303539346635
38643663353865326638383562383064313038346636666139303161306435643537643938313036
31663765383739636533356634353730626666343231346433653034613937343037356331316634
30323035653237386338633763363933316233643435383438336265363738363566333734313364
31323166666138636666316535383836633335633365656330653435646138316639383864336339
66633637383435383732346638653330393535373062333464346635303034623233326362313937
31613438303035613565656134383138613830316334646139666162333334343130613166376232
61653635303733623563643363373339663730363965626636646462636138366262386133356238
64376238613238663438313630623835653363306636316139366466653734313432383732616632
3936
